original_reverse_block	original_rotating_block	original_pre_assigned_random	original_reverse_pyramid	original_outside_in	
4279.23506186	5137.98530703	5095.28594699	4764.19275499	5242.24652156	
4702.79715307	5000.27961691	5181.34281515	4559.6052786	4986.1632086	
4643.21244282	4919.26311056	4909.45362081	4824.94086412	4979.58394934	
4171.28456603	5168.73272732	4920.93857645	4737.26209321	4882.20424729	
4505.1739669	4757.0155774	5028.67008412	4489.35539646	4823.9463198	
4457.52896323	5052.44664878	5066.33818735	4725.13468291	4698.67265474	
4662.30029897	5015.3288626	5358.52416481	4662.03819638	5215.82881533	
4566.06306404	4938.88653721	5487.3018487	4633.36405316	5028.04457896	
4647.43587295	4900.81473002	4935.43841749	4781.9086858	4865.31002536	
4533.22484446	5235.14088846	